// ~->[DNET-1]->~

bnet Unnamed {
    title = "Unnamed";
    comment = "";
    visual V1 {
    };

node Subject {
    kind = NATURE;
    discrete = TRUE;
    chance = CHANCE;
    title = "Subject";
    parents = ();
    states = (Economy_and_Finance, Environment_and_Energy, Foreign_Policy_and_Security
    , Healthcare, Law_and_Ethics, Other, Politics_and_Government, Social_Issues
    );
    probs = 
        (0.20721533, 0.05806088, 0.07643743, 0.10225479, 0.02480271, 
        0.19537768, 0.18985344, 0.14599775);
    user U1 {
    };
visual V1 {
    center = (781, 223);
};
};

node Job_Title {
    kind = NATURE;
    discrete = TRUE;
    chance = CHANCE;
    title = "Job_Title";
    parents = (Subject);
    states = (Business___Industry_Leaders, Education___Non_Profit, Government_Officials
    , Legal___Advocacy, Media_Professionals, Others);
    probs = 
        ((0.23079304, 0.21450122, 0.03910376, 0.14615408, 0.18076603, 
        0.18868186),
        (0.44766699, 0.22460517, 0.10011741, 0.09220961, 0.04377577, 
        0.09162504),
        (0.01492720, 0.02046569, 0.01794101, 0.01115794, 0.47383724, 
        0.46167091),
        (0.19452827, 0.17276591, 0.13808079, 0.16258157, 0.16490706, 
        0.16713640),
        (0.08912982, 0.13965290, 0.11786503, 0.18061809, 0.29059087, 
        0.18214330),
        (0.09333833, 0.12946759, 0.13540321, 0.19329794, 0.24342305, 
        0.20506989),
        (0.14504083, 0.14423180, 0.08737284, 0.16289871, 0.24015647, 
        0.22029934),
        (0.09923914, 0.15543141, 0.25243688, 0.16762642, 0.17186971, 
        0.15339645));
    user U1 {
    };
visual V1 {
    center = (399, 394);
};
};

node Party_Affiliation {
    kind = NATURE;
    discrete = TRUE;
    chance = CHANCE;
    title = "Party_Affiliation";
    parents = (Job_Title);
    states = (Democrat, Independent, Media, Other, Republican);
    probs = 
        ((0.10668486, 0.25588988, 0.31171684, 0.28801764, 0.03769079),
        (0.86967048, 0.01986283, 0.00000000, 0.05359298, 0.05687371),
        (0.61401136, 0.14077457, 0.00000000, 0.24521408, 0.00000000),
        (0.00000000, 0.18859438, 0.01252951, 0.40117520, 0.39770091),
        (0.01255708, 0.10962528, 0.36727129, 0.14186610, 0.36868025),
        (0.21203852, 0.27048345, 0.20324167, 0.09769944, 0.21653692));
    user U1 {
    };
visual V1 {
    center = (59, 161);
};
};

node Past_Credibility_Score {
    kind = NATURE;
    discrete = TRUE;
    chance = CHANCE;
    title = "Past_Credibility_Score";
    parents = (Job_Title, Party_Affiliation);
    states = (x1_to_1, x3_to__1, x_to_3);
    probs = 
        (((0.50000000, 0.00000000, 0.50000000),
        (0.16856740, 0.49576105, 0.33567155),
        (0.33606557, 0.00000000, 0.66393443),
        (0.29392327, 0.31067995, 0.39539678),
        (0.21938717, 0.22624302, 0.55436981)),
        ((0.27963327, 0.51866405, 0.20170269),
        (0.24763250, 0.43360019, 0.31876731),
        (0.35728576, 0.39572104, 0.24699320),
        (0.34973481, 0.29470147, 0.35556372),
        (0.09762284, 0.22957112, 0.67280604)),
        ((0.37500000, 0.00000000, 0.62500000),
        (0.54259395, 0.16173474, 0.29567131),
        (0.36771300, 0.55156951, 0.08071749),
        (0.77007233, 0.22992767, 0.00000000),
        (0.52799057, 0.35886859, 0.11314084)),
        ((0.25042589, 0.22487223, 0.52470187),
        (0.56611570, 0.43388430, 0.00000000),
        (0.00000000, 0.20393793, 0.79606207),
        (0.40059712, 0.19212914, 0.40727374),
        (0.35799560, 0.44172038, 0.20028402)),
        ((0.25925926, 0.55555556, 0.18518519),
        (0.56304260, 0.08631257, 0.35064483),
        (0.30258303, 0.45387454, 0.24354244),
        (0.39359370, 0.51894103, 0.08746527),
        (0.39248391, 0.50593630, 0.10157979)),
        ((0.53191489, 0.00000000, 0.46808511),
        (0.41111241, 0.15529246, 0.43359512),
        (0.54233655, 0.29934160, 0.15832185),
        (0.05921723, 0.94078277, 0.00000000),
        (0.53716105, 0.37427996, 0.08855898)));
    user U1 {
    };
visual V1 {
    center = (746, 59);
};
};

node Context {
    kind = NATURE;
    discrete = TRUE;
    chance = CHANCE;
    title = "Context";
    parents = (Job_Title, Party_Affiliation);
    states = (Broadcast_Media, Legislative_and_Official_Proceedings, Other
    , Personal_and_Campaign_Communications, Print_and_Online_Publications
    , Public_Speaking, Social_Media_and_Online_Platforms);
    probs = 
        (((0.20229362, 0.18390329, 0.07881569, 0.11864728, 0.19097649, 
        0.14654793, 0.07881569),
        (0.00000000, 0.14773125, 0.21178256, 0.16101826, 0.25884535, 
        0.07866209, 0.14196050),
        (0.18035080, 0.09689900, 0.36544767, 0.07308953, 0.03248424, 
        0.17178708, 0.07994168),
        (0.15140649, 0.07799728, 0.10532625, 0.27954354, 0.15335952, 
        0.16086940, 0.07149751),
        (0.18591702, 0.46399071, 0.02043769, 0.00000000, 0.17518017, 
        0.14504164, 0.00943278)),
        ((0.06990755, 0.63915478, 0.00000000, 0.10912399, 0.11472009, 
        0.06709360, 0.00000000),
        (0.35619948, 0.13635761, 0.05319862, 0.01888937, 0.00000000, 
        0.35619948, 0.07915544),
        (0.29795022, 0.00000000, 0.00000000, 0.00000000, 0.00000000, 
        0.00000000, 0.70204978),
        (0.00000000, 0.00000000, 0.10964344, 0.01749780, 0.52602747, 
        0.00000000, 0.34683130),
        (0.12459321, 0.06313521, 0.11315594, 0.06897124, 0.48279870, 
        0.02355116, 0.12379454)),
        ((0.13382268, 0.10711285, 0.10531263, 0.17277854, 0.12514423, 
        0.14520378, 0.21062527),
        (0.05022835, 0.11161857, 0.05902748, 0.19777415, 0.22750490, 
        0.17579924, 0.17804731),
        (0.10466627, 0.11169202, 0.19153927, 0.28376188, 0.15487907, 
        0.09387150, 0.05959000),
        (0.00000000, 0.17956343, 0.14867080, 0.23688560, 0.25531675, 
        0.17956343, 0.00000000),
        (0.27132284, 0.09983289, 0.14574769, 0.10458684, 0.15891766, 
        0.07821729, 0.14137480)),
        ((0.19237517, 0.00000000, 0.13435726, 0.31350027, 0.21281405, 
        0.14695325, 0.00000000),
        (0.11823290, 0.17106404, 0.12792412, 0.24924774, 0.13934592, 
        0.00000000, 0.19418528),
        (0.28234061, 0.11232906, 0.00000000, 0.24070513, 0.25364626, 
        0.05832470, 0.05265425),
        (0.26255594, 0.00000000, 0.31378637, 0.07068814, 0.07470514, 
        0.01570847, 0.26255594),
        (0.16108905, 0.09853538, 0.18460894, 0.00000000, 0.26778439, 
        0.17852293, 0.10945931)),
        ((0.00000000, 0.00000000, 0.53314739, 0.19198760, 0.15382613, 
        0.12103887, 0.00000000),
        (0.14780710, 0.17164696, 0.06711241, 0.26605278, 0.00000000, 
        0.19003770, 0.15734304),
        (0.14913339, 0.18175632, 0.11078481, 0.00000000, 0.18914479, 
        0.12924894, 0.23993174),
        (0.17616735, 0.12268797, 0.22141345, 0.19438874, 0.16265451, 
        0.00000000, 0.12268797),
        (0.05935458, 0.25929720, 0.11685433, 0.21996109, 0.08498497, 
        0.01434529, 0.24520253)),
        ((0.13118505, 0.08448151, 0.15018935, 0.06758521, 0.10472663, 
        0.01126420, 0.45056805),
        (0.33784781, 0.05085881, 0.23649347, 0.03695210, 0.33784781, 
        0.00000000, 0.00000000),
        (0.07827971, 0.06104211, 0.15655942, 0.29075321, 0.07950283, 
        0.10258176, 0.23128096),
        (0.00000000, 0.35890625, 0.31902778, 0.16504448, 0.15702149, 
        0.00000000, 0.00000000),
        (0.18419879, 0.10417801, 0.11970659, 0.26478577, 0.00000000, 
        0.20499543, 0.12213542)));
    user U1 {
    };
visual V1 {
    center = (452, 159);
};
};

node Credibility_Label {
    kind = NATURE;
    discrete = TRUE;
    chance = CHANCE;
    title = "Credibility_Label";
    parents = (Party_Affiliation, Past_Credibility_Score);
    states = (barely_true, false, half_true, mostly_true, pants_fire, true
    );
    probs = 
        (((0.31139542, 0.07145412, 0.16973320, 0.31107115, 0.00000000, 
        0.13634612),
        (0.30646688, 0.00000000, 0.11144250, 0.43107430, 0.10977918, 
        0.04123713),
        (0.18578245, 0.05598245, 0.08549878, 0.14376618, 0.50274866, 
        0.02622148)),
        ((0.07801418, 0.39007092, 0.00000000, 0.10638298, 0.42553191, 
        0.00000000),
        (0.13060526, 0.33729663, 0.00210700, 0.15757599, 0.36194945, 
        0.01046567),
        (0.21923325, 0.02615201, 0.31577026, 0.15939163, 0.00000000, 
        0.27945286)),
        ((0.06859684, 0.00000000, 0.32011860, 0.15754660, 0.06607139, 
        0.38766657),
        (0.16040579, 0.04064737, 0.30668321, 0.18606942, 0.00000000, 
        0.30619421),
        (0.23187734, 0.00000000, 0.34399386, 0.12313417, 0.00000000, 
        0.30099463)),
        ((0.12334921, 0.03226581, 0.40937574, 0.12922659, 0.01108620, 
        0.29469646),
        (0.12157205, 0.82109135, 0.00893815, 0.04839845, 0.00000000, 
        0.00000000),
        (0.04271373, 0.34170981, 0.00000000, 0.08261116, 0.53296530, 
        0.00000000)),
        ((0.09077633, 0.31421957, 0.00000000, 0.22372109, 0.16074476, 
        0.21053825),
        (0.14073397, 0.33331730, 0.07142514, 0.27271416, 0.09090472, 
        0.09090472),
        (0.18083703, 0.05403518, 0.14090910, 0.22527113, 0.14481430, 
        0.25413326)));
    user U1 {
    };
visual V1 {
    center = (164, 372);
};
};

node Subjectivity {
    kind = NATURE;
    discrete = TRUE;
    chance = CHANCE;
    title = "Subjectivity";
    parents = (Context, Past_Credibility_Score);
    states = (OBJECTIVE, SUBJECTIVE);
    probs = 
        (((0.49343795, 0.50656205),
        (0.50877812, 0.49122188),
        (0.47297297, 0.52702703)),
        ((0.48679346, 0.51320654),
        (0.49607440, 0.50392560),
        (0.47539016, 0.52460984)),
        ((0.48847258, 0.51152742),
        (0.51572563, 0.48427437),
        (0.49352518, 0.50647482)),
        ((0.49627029, 0.50372971),
        (0.86105823, 0.13894177),
        (0.56838778, 0.43161222)),
        ((0.44864048, 0.55135952),
        (0.31553020, 0.68446980),
        (0.47415928, 0.52584072)),
        ((0.32769862, 0.67230138),
        (0.34285714, 0.65714286),
        (0.34525277, 0.65474723)),
        ((0.49259137, 0.50740863),
        (0.52971576, 0.47028424),
        (0.41500000, 0.58500000)));
    user U1 {
    };
visual V1 {
    center = (266, 38);
};
};

node Sentiment {
    kind = NATURE;
    discrete = TRUE;
    chance = CHANCE;
    title = "Sentiment";
    parents = (Subject, Subjectivity);
    states = (NEGATIVE, POSITIVE);
    probs = 
        (((0.47158009, 0.52841991),
        (0.48151468, 0.51848532)),
        ((0.50046995, 0.49953005),
        (0.48124909, 0.51875091)),
        ((0.44504331, 0.55495669),
        (0.47806078, 0.52193922)),
        ((0.47720762, 0.52279238),
        (0.47821525, 0.52178475)),
        ((0.57501712, 0.42498288),
        (0.54668930, 0.45331070)),
        ((0.49868337, 0.50131663),
        (0.56846031, 0.43153969)),
        ((0.75287865, 0.24712135),
        (0.54626775, 0.45373225)),
        ((0.56619472, 0.43380528),
        (0.57811398, 0.42188602)));
    user U1 {
    };
visual V1 {
    center = (297, 243);
};
};
};
